./aligned_img/2019BTCS018/IMG_20200825_164336a.png 253 356 1120 1479
./aligned_img/2019BTCS018/IMG_20200825_164339a.png 186 340 1121 1541
./aligned_img/2019BTCS018/IMG_20201002_211713a.png 143 292 588 880
./aligned_img/2019BTCS018/IMG_20201003_143032a.png 747 458 1041 816
./aligned_img/2019BTCS018/IMG_20201114_201623a.png 2341 187 2639 586
./aligned_img/2019BTCS018/IMG_20201114_204055a.png 393 1556 1429 2885
./aligned_img/2019BTCS018/IMG_20201211_203927a.png 863 2218 901 2266
./aligned_img/2019BTCS018/IMG_20201211_203955a.png 660 488 1168 1137
./aligned_img/2019BTCS018/IMG_20210919_173844a.png 831 1326 878 1384
./aligned_img/2019BTCS018/IMG_20211002_131325a.png 385 1368 645 1689
./aligned_img/2019BTCS018/Screenshot_20211217-130947.png 264 687 775 1356
./aligned_img/2019BTCS018/Screenshot_20211217-130952.png 363 836 827 1432
./aligned_img/2019BTCS018/Screenshot_20211217-130956.png 344 763 821 1414
./aligned_img/2019BTCS049/01.png 53 55 189 224
./aligned_img/2019BTCS049/02.png 133 84 268 265
./aligned_img/2019BTCS049/IMG_20211012_135303.png 148 188 382 474
./aligned_img/2019BTCS049/IMG_20211013_140711.png 134 124 278 323
./aligned_img/2019BTCS049/IMG_20211013_141019.png 170 183 581 753
./aligned_img/2019BTCS049/IMG_20211013_145050.png 28 111 215 347
./aligned_img/2019BTCS049/IMG_20211013_145122.png 72 103 234 332
./aligned_img/2019BTCS049/IMG_20211016_195715.png 221 352 843 1236
./aligned_img/2019BTCS049/IMG_20211016_203415.png 62 167 460 629
./aligned_img/2019BTCS049/IMG_20211016_203422.png 120 215 505 687
./aligned_img/2019BTCS049/IMG_20211016_203454.png 79 172 453 677
./aligned_img/2019BTCS049/IMG_20211023_134536.png 258 270 693 839
./aligned_img/2019BTCS049/IMG_20211217_125508.png 1244 1248 1622 1780
./aligned_img/2019BTCS049/IMG_20211217_125514.png 1224 1207 1636 1745
./aligned_img/2019BTCS049/IMG_20211217_125524.png 1206 1203 1614 1764
./aligned_img/2019BTCS057/IMG_20190814_105004_1.png 1336 981 1501 1176
./aligned_img/2019BTCS057/IMG_20190909_145823.png 1649 1726 1737 1880
./aligned_img/2019BTCS057/IMG_20190917_173703_1.png 773 1027 2110 2625
./aligned_img/2019BTCS057/PhotoGrid_1568265873608.png 853 345 1195 765
./aligned_img/2019BTCS057/PhotoGrid_1572020160524.png 951 218 1127 446
./aligned_img/2019BTCS057/PhotoGrid_1572095739184.png 933 490 1112 749
./aligned_img/2019BTCS057/PhotoGrid_1577346018149.png 888 372 1105 650
./aligned_img/2019BTCS057/PhotoGrid_1582265113348.png 877 514 1105 797
./aligned_img/2019BTCS057/PhotoGrid_1582265137178.png 1029 286 1265 590
./aligned_img/2019BTCS057/Snapchat-1600172873.png 332 314 396 393
./aligned_img/2019BTCS057/Snapchat-980564037.png 273 389 330 460
./aligned_img/2019BTCS077/001.png 28 71 235 345
./aligned_img/2019BTCS077/002.png 86 103 301 348
./aligned_img/2019BTCS077/IMG_20210312_150422.png 211 109 475 448
./aligned_img/2019BTCS077/IMG_20211217_125533.png 1595 1459 1966 1953
./aligned_img/2019BTCS077/IMG_20211217_125537.png 1372 1442 1691 1888
./aligned_img/2019BTCS077/IMG_20211217_125540.png 744 1453 1265 2102
./aligned_img/2019BTCS077/IMG_20211217_125546.png 1124 1292 1761 2159
./aligned_img/2019BTCS077/Screenshot_20211126-220709.png 429 839 539 976
./aligned_img/2019BTCS077/Screenshot_20211126-221403.png 353 678 598 1009
./aligned_img/2019BTCS077/Screenshot_20211217-123137.png 377 439 565 699
./aligned_img/2019BTCS077/Screenshot_20211217-123146.png 382 627 528 841
./aligned_img/2019BTCS077/Screenshot_20211217-123243.png 347 1005 575 1324
./aligned_img/2019BTCS077/Screenshot_20211217-123247.png 193 779 589 1319
./aligned_img/2019BTCS077/Screenshot_20211217-123255.png 239 362 622 866
./aligned_img/2019BTCS077/Screenshot_20211217-123307.png 480 905 645 1125
./aligned_img/2019BTCS077/Screenshot_20211217-130913.png 314 780 640 1162
./aligned_img/2019BTCS077/Screenshot_20211217-130918.png 448 706 785 1170
./aligned_img/2019BTCS077/Screenshot_20211217-131002.png 119 870 565 1341
